                 Autopsy MFT Entry Report

----------------------------------------------------------------------
                    GENERAL INFORMATION

MFT Entry: 10962
Pointed to by file(s):
  C:/Documents and Settings/Mia Hacker/Local Settings/Application Data/Identities/{E824812D-E339-4812-95AA-561306EF6356}/Microsoft/Outlook Express/Deleted Items.dbx
MD5 of istat output: 3dc0e9541f79db87bdaf4245be472659  -
SHA-1 of istat output: d8e93710e83c9352df77b08189ca9dfb52f18996  -

Image: '/var/lib/autopsy/A2/host1/images/a2.dd'
Offset: Full image
File System Type: ntfs

Date Generated: Sat Apr 11 11:43:13 2015
Investigator: miguel

----------------------------------------------------------------------
                   META DATA INFORMATION

MFT Entry Header Values:
Entry: 10962        Sequence: 1
$LogFile Sequence Number: 25968593
Allocated File
Links: 2

$STANDARD_INFORMATION Attribute Values:
Flags: Archive
Owner ID: 0
Security ID: 360  ()
Created:	Sat Aug  1 22:27:12 2009
File Modified:	Wed Oct  7 22:41:34 2009
MFT Modified:	Wed Oct  7 22:41:34 2009
Accessed:	Wed Oct  7 22:41:34 2009

$FILE_NAME Attribute Values:
Flags: Archive
Name: Deleted Items.dbx
Parent MFT Entry: 10935 	Sequence: 1
Allocated Size: 0   	Actual Size: 0
Created:	Sat Aug  1 22:27:12 2009
File Modified:	Sat Aug  1 22:27:12 2009
MFT Modified:	Sat Aug  1 22:27:12 2009
Accessed:	Sat Aug  1 22:27:12 2009

Attributes: 
Type: $STANDARD_INFORMATION (16-0)   Name: N/A   Resident   size: 72
Type: $FILE_NAME (48-3)   Name: N/A   Resident   size: 90
Type: $FILE_NAME (48-2)   Name: N/A   Resident   size: 100
Type: $DATA (128-4)   Name: N/A   Non-Resident   size: 2501332  init_size: 2412544
430169 430170 430171 102623 102624 102625 102626 102627 
102628 102629 102630 102631 102632 102633 102634 102635 
102636 102637 102638 102639 102640 102641 102642 102643 
102644 102645 16881 16882 16883 16884 16885 16886 
16887 16888 16889 589993 589994 589995 589996 589997 
589998 589999 590000 590001 590002 590003 590004 590005 
590006 590007 590008 590009 590010 590011 590012 590013 
590014 590015 14135 14136 14137 14138 14139 14140 
14141 14142 14143 639479 639480 639481 639482 639483 
639484 639485 639486 639487 639488 639489 639490 639491 
639492 639493 639494 639495 639496 639497 639498 639499 
639500 639501 99040 99041 99042 99043 99044 99045 
99046 99047 99048 99049 45997 45998 45999 46000 
46001 46002 46003 46004 46005 46006 46007 46008 
46009 46010 46011 46012 46013 46014 46015 46016 
46017 46018 46019 46020 44206 44207 44208 44209 
44210 44211 44212 100615 100616 100617 100618 100619 
100620 100621 100622 100623 100624 100625 100626 100627 
100628 100629 100630 100631 100632 100633 100634 100635 
100636 100637 100638 91546 91547 91548 91549 91550 
91551 91552 91553 100727 100728 100729 100730 100731 
100732 100733 100734 100735 100736 100737 100738 100739 
100740 100741 100742 100743 100744 100745 100746 100747 
100748 100749 100750 53911 53912 53913 53914 53915 
53916 53917 53918 536401 536402 536403 536404 536405 
536406 536407 536408 536409 536410 536411 536412 536413 
536414 536415 536416 536417 536418 536419 536420 536421 
536422 536423 536424 543477 543478 543479 543480 543481 
543482 543483 543484 629863 629864 629865 629866 629867 
629868 629869 629870 629871 629872 629873 629874 629875 
629876 629877 629878 629879 629880 629881 629882 629883 
629884 629885 629886 636935 636936 636937 636938 636939 
636940 636941 636942 34737 34738 34739 34740 34741 
34742 34743 34744 34745 34746 34747 34748 34749 
34750 34751 34752 34753 34754 34755 34756 34757 
34758 34759 34760 34761 14040 14041 14042 14043 
14044 14045 14046 558825 558826 558827 558828 558829 
558830 558831 558832 558833 558834 558835 558836 558837 
558838 558839 558840 558841 558842 558843 558844 558845 
558846 558847 558848 558849 558850 542603 542604 542605 
542606 542607 542608 565576 565577 565578 565579 565580 
565581 565582 565583 565584 565585 565586 565587 565588 
565589 565590 565591 565592 565593 565594 565595 565596 
565597 565598 565599 565600 565601 446341 446342 446343 
446344 446345 446346 20727 20728 20729 20730 20731 
20732 20733 20734 20735 20736 20737 20738 20739 
20740 20741 20742 20743 20744 20745 20746 20747 
20748 20749 20750 20751 20752 20753 49761 49762 
49763 49764 49765 99955 99956 99957 99958 99959 
99960 99961 99962 99963 99964 99965 99966 99967 
99968 99969 99970 99971 99972 99973 99974 99975 
99976 99977 99978 99979 99980 99981 102710 102711 
102712 102713 102714 541480 541481 541482 541483 541484 
541485 541486 541487 541488 541489 541490 541491 541492 
541493 541494 541495 541496 541497 541498 541499 541500 
541501 541502 541503 541504 541505 541506 541507 533764 
533765 533766 533767 571969 571970 571971 571972 571973 
571974 571975 571976 571977 571978 571979 571980 571981 
571982 571983 571984 571985 571986 571987 571988 571989 
571990 571991 571992 571993 571994 571995 571996 570020 
570021 570022 570023 30950 30951 30952 30953 30954 
30955 30956 30957 30958 30959 30960 30961 30962 
30963 30964 30965 30966 30967 30968 30969 30970 
30971 30972 30973 30974 30975 30976 30977 30978 
433149 433150 433151 64294 64295 64296 64297 64298 
64299 64300 64301 64302 64303 64304 64305 64306 
64307 64308 64309 64310 64311 64312 64313 64314 
64315 64316 64317 64318 64319 64320 64321 64322 
64323 64324 85787 45150 45151 45152 45153 45154 
45155 45156 45157 45158 45159 45160 45161 45162 
45163 45164 45165 45166 45167 45168 45169 45170 
45171 45172 45173 45174 45175 45176 45177 45178 
45179 45180 45181 53168 53169 53170 53171 53172 
53173 53174 53175 53176 53177 53178 0 0 
0 0 0 0 0 0 0 0 
0 0 0 0 0 0 0 0 
0 0 0 

File Type: MS Outlook Express DBX file, message database

----------------------------------------------------------------------
                   VERSION INFORMATION

Autopsy Version: 2.24
The Sleuth Kit Version: 3.2.3


